Hr-Leitura	Dt-Leitura	Segundos96	Hr-Recepcao	Dt-Recepcao	Resets	      VAL-ChuvaAc[mm]	      MED-UmidAr[%UR]	       MED-TempAr[oC]	  MED-DirVento[graus]	    MED-VelVento[m/s]	   MED-RadSolar[W/m2]	     MED-TempSolo[oC]	     MED-PresAtm[hPa]	     VAL-TensaoRef[V]	     MED-TensaoRef[V]	     MIN-TensaoRef[V]	     MAX-TensaoRef[V]	     VAL-TensaoBat[V]	      VAL-CorCarga[A]	     VAL-UmidInt[%UR]	      VAL-TempInt[oC]
  11:10:00	15/09/2020	 779713800	   10:24:44	 15/09/2020	   122	        +1,12500e+001	        +6,12793e+001	        +2,34537e+001	        +9,30103e+001	        +0,00000e+000	        +7,65164e+002	        +5,19380e+001	        +9,21625e+002	        +2,50153e+000	        +2,50122e+000	        +2,50092e+000	        +2,50183e+000	        +1,15924e+001	        +3,41455e+000	        +4,91000e+001	        +2,81400e+001
  11:30:00	15/09/2020	 779715000	   10:44:42	 15/09/2020	   122	        +1,12500e+001	        +5,97000e+001	        +2,40182e+001	        +9,02637e+001	        +0,00000e+000	        +2,68478e+002	        +5,10648e+001	        +9,21588e+002	        +2,50092e+000	        +2,50092e+000	        +2,50092e+000	        +2,50153e+000	        +1,15887e+001	        +3,41333e+000	        +4,89000e+001	        +2,86000e+001
  11:40:00	15/09/2020	 779715600	   10:54:43	 15/09/2020	   122	        +1,12500e+001	        +6,23703e+001	        +2,34842e+001	        +9,17798e+001	        +0,00000e+000	        +4,56413e+002	        +5,19210e+001	        +9,21551e+002	        +2,50092e+000	        +2,50092e+000	        +2,50061e+000	        +2,50153e+000	        +1,15869e+001	        +3,41455e+000	        +4,89000e+001	        +2,87100e+001
  11:50:00	15/09/2020	 779716200	   11:04:42	 15/09/2020	   122	        +1,12500e+001	        +6,23398e+001	        +2,36749e+001	        +9,36475e+001	        +0,00000e+000	        +8,15024e+002	        +5,21753e+001	        +9,21661e+002	        +2,50092e+000	        +2,50092e+000	        +2,50092e+000	        +2,50153e+000	        +1,15961e+001	        +3,41577e+000	        +4,88000e+001	        +2,87200e+001
  12:00:00	15/09/2020	 779716800	   11:14:42	 15/09/2020	   122	        +1,12500e+001	        +6,51779e+001	        +2,33545e+001	        +9,24170e+001	        +0,00000e+000	        +4,66002e+002	        +5,34893e+001	        +9,21698e+002	        +2,50122e+000	        +2,50092e+000	        +2,50031e+000	        +2,50183e+000	        +1,15924e+001	        +3,41516e+000	        +4,86000e+001	        +2,88300e+001
  12:10:00	15/09/2020	 779717400	   11:24:42	 15/09/2020	   122	        +1,12500e+001	        +6,47202e+001	        +2,31790e+001	        +9,30322e+001	        +0,00000e+000	        +2,78067e+002	        +5,21584e+001	        +9,21698e+002	        +2,50183e+000	        +2,50122e+000	        +2,50031e+000	        +2,50183e+000	        +1,15869e+001	        +3,41486e+000	        +4,86000e+001	        +2,88800e+001
  12:20:00	15/09/2020	 779718000	   11:34:42	 15/09/2020	   122	        +1,12500e+001	        +6,87485e+001	        +2,29883e+001	        +9,31860e+001	        +0,00000e+000	        +3,47104e+002	        +5,24805e+001	        +9,21551e+002	        +2,50183e+000	        +2,50122e+000	        +2,50061e+000	        +2,50183e+000	        +1,15924e+001	        +3,41516e+000	        +4,84000e+001	        +2,89000e+001
  12:30:00	15/09/2020	 779718600	   11:44:42	 15/09/2020	   122	        +1,12500e+001	        +7,31125e+001	        +2,21719e+001	        +9,26807e+001	        +0,00000e+000	        +2,76149e+002	        +5,28450e+001	        +9,21734e+002	        +2,50092e+000	        +2,50092e+000	        +2,50092e+000	        +2,50183e+000	        +1,15961e+001	        +3,41638e+000	        +4,84000e+001	        +2,88000e+001
  12:40:00	15/09/2020	 779719200	   11:54:42	 15/09/2020	   122	        +1,12500e+001	        +7,07474e+001	        +2,23856e+001	        +9,23730e+001	        +0,00000e+000	        +2,68478e+002	        +5,43370e+001	        +9,21734e+002	        +2,50153e+000	        +2,50092e+000	        +2,50031e+000	        +2,50153e+000	        +1,15961e+001	        +3,41547e+000	        +4,83000e+001	        +2,87300e+001
  12:50:00	15/09/2020	 779719800	   12:04:42	 15/09/2020	   122	        +1,12500e+001	        +7,15637e+001	        +2,19888e+001	        +9,36255e+001	        +0,00000e+000	        +2,14783e+002	        +5,30993e+001	        +9,21808e+002	        +2,50000e+000	        +2,50092e+000	        +2,50000e+000	        +2,50183e+000	        +1,15887e+001	        +3,41608e+000	        +4,83000e+001	        +2,85700e+001
  13:00:00	15/09/2020	 779720400	   12:14:42	 15/09/2020	   122	        +1,12500e+001	        +7,03354e+001	        +2,21109e+001	        +9,37134e+001	        +0,00000e+000	        +2,18618e+002	        +5,30739e+001	        +9,21808e+002	        +2,50183e+000	        +2,50092e+000	        +2,50061e+000	        +2,50183e+000	        +1,15924e+001	        +3,41608e+000	        +4,82000e+001	        +2,82900e+001
  13:10:00	15/09/2020	 779721000	   12:24:42	 15/09/2020	   122	        +1,12500e+001	        +6,76804e+001	        +2,25839e+001	        +9,35156e+001	        +0,00000e+000	        +8,36119e+002	        +5,43200e+001	        +9,21698e+002	        +2,50153e+000	        +2,50092e+000	        +2,50031e+000	        +2,50183e+000	        +1,15924e+001	        +3,41486e+000	        +4,81000e+001	        +2,82500e+001
  13:20:00	15/09/2020	 779721600	   12:34:42	 15/09/2020	   122	        +1,12500e+001	        +6,47125e+001	        +2,36292e+001	        +9,34277e+001	        +0,00000e+000	        +2,18618e+002	        +6,46028e+001	        +9,21625e+002	        +2,50092e+000	        +2,50092e+000	        +2,50061e+000	        +2,50183e+000	        +1,15906e+001	        +3,41455e+000	        +4,79000e+001	        +2,86400e+001
  13:30:00	15/09/2020	 779722200	   12:44:42	 15/09/2020	   122	        +1,12500e+001	        +6,51932e+001	        +2,34308e+001	        +9,39771e+001	        +0,00000e+000	        +7,63246e+002	        +6,42722e+001	        +9,21478e+002	        +2,50153e+000	        +2,50122e+000	        +2,50061e+000	        +2,50153e+000	        +1,15869e+001	        +3,41455e+000	        +4,80000e+001	        +2,90000e+001
  13:40:00	15/09/2020	 779722800	   12:54:42	 15/09/2020	   122	        +1,12500e+001	        +6,51016e+001	        +2,36139e+001	        +9,37793e+001	        +0,00000e+000	        +8,38036e+002	        +6,40009e+001	        +9,21295e+002	        +2,50122e+000	        +2,50092e+000	        +2,50061e+000	        +2,50153e+000	        +1,15851e+001	        +3,41302e+000	        +4,79000e+001	        +2,96700e+001
  13:50:00	15/09/2020	 779723400	   13:04:42	 15/09/2020	   122	        +1,12500e+001	        +6,02722e+001	        +2,42166e+001	        +9,10107e+001	        +0,00000e+000	        +2,07112e+002	        +5,80161e+001	        +9,21112e+002	        +2,50153e+000	        +2,50122e+000	        +2,50092e+000	        +2,50183e+000	        +1,15851e+001	        +3,41577e+000	        +4,80000e+001	        +3,02400e+001
  14:00:00	15/09/2020	 779724000	   13:14:42	 15/09/2020	   122	        +1,12500e+001	        +6,20880e+001	        +2,38199e+001	        +8,82861e+001	        +0,00000e+000	        +3,95047e+002	        +5,60663e+001	        +9,20892e+002	        +2,50122e+000	        +2,50092e+000	        +2,50061e+000	        +2,50153e+000	        +1,15869e+001	        +3,41577e+000	        +4,80000e+001	        +3,05400e+001
  14:10:00	15/09/2020	 779724600	   13:24:42	 15/09/2020	   122	        +1,12500e+001	        +6,09360e+001	        +2,42929e+001	        +9,09668e+001	        +0,00000e+000	        +8,66802e+002	        +5,86858e+001	        +9,20709e+002	        +2,50092e+000	        +2,50092e+000	        +2,50092e+000	        +2,50183e+000	        +1,15851e+001	        +3,41547e+000	        +4,79000e+001	        +3,06800e+001
  14:20:00	15/09/2020	 779725200	   13:34:42	 15/09/2020	   122	        +1,12500e+001	        +6,22177e+001	        +2,45370e+001	        +8,77148e+001	        +0,00000e+000	        +7,26810e+002	        +5,96861e+001	        +9,20636e+002	        +2,50061e+000	        +2,50092e+000	        +2,50061e+000	        +2,50183e+000	        +1,15814e+001	        +3,41394e+000	        +4,77000e+001	        +3,13200e+001
  14:30:00	15/09/2020	 779725800	   13:44:42	 15/09/2020	   122	        +1,12500e+001	        +6,21643e+001	        +2,45447e+001	        +8,85278e+001	        +0,00000e+000	        +7,57493e+002	        +6,58828e+001	        +9,20416e+002	        +2,50153e+000	        +2,50092e+000	        +2,50031e+000	        +2,50153e+000	        +1,15887e+001	        +3,41486e+000	        +4,76000e+001	        +3,20700e+001
  14:40:00	15/09/2020	 779726400	   13:54:42	 15/09/2020	   122	        +1,12500e+001	        +6,22711e+001	        +2,47583e+001	        +8,72095e+001	        +0,00000e+000	        +2,35877e+002	        +6,16697e+001	        +9,20416e+002	        +2,50061e+000	        +2,50092e+000	        +2,50061e+000	        +2,50183e+000	        +1,15942e+001	        +3,41608e+000	        +4,76000e+001	        +3,25400e+001
  14:50:00	15/09/2020	 779727000	   14:04:42	 15/09/2020	   122	        +1,12500e+001	        +6,08978e+001	        +2,47430e+001	        +8,68579e+001	        +0,00000e+000	        +2,58890e+002	        +6,42552e+001	        +9,20270e+002	        +2,50122e+000	        +2,50092e+000	        +2,50061e+000	        +2,50122e+000	        +1,15833e+001	        +3,41608e+000	        +4,74000e+001	        +3,28400e+001
  15:00:00	15/09/2020	 779727600	   14:14:42	 15/09/2020	   122	        +1,12500e+001	        +6,34079e+001	        +2,40411e+001	        +8,79565e+001	        +0,00000e+000	        +2,20536e+002	        +6,19071e+001	        +9,20160e+002	        +2,50061e+000	        +2,50092e+000	        +2,50061e+000	        +2,50183e+000	        +1,15887e+001	        +3,41638e+000	        +4,74000e+001	        +3,29100e+001
  15:10:00	15/09/2020	 779728200	   14:24:42	 15/09/2020	   122	        +1,12500e+001	        +7,07855e+001	        +2,27136e+001	        +8,76489e+001	        +0,00000e+000	        +2,26289e+002	        +5,88214e+001	        +9,20233e+002	        +2,50092e+000	        +2,50092e+000	        +2,50092e+000	        +2,50183e+000	        +1,15869e+001	        +3,41821e+000	        +4,74000e+001	        +3,23900e+001
  15:20:00	15/09/2020	 779728800	   14:34:42	 15/09/2020	   122	        +1,12500e+001	        +7,30515e+001	        +2,18668e+001	        +8,94067e+001	        +0,00000e+000	        +1,76429e+002	        +5,32095e+001	        +9,20196e+002	        +2,50122e+000	        +2,50092e+000	        +2,50061e+000	        +2,50122e+000	        +1,15924e+001	        +3,41699e+000	        +4,71000e+001	        +3,15700e+001
  15:30:00	15/09/2020	 779729400	   14:44:42	 15/09/2020	   122	        +1,12500e+001	        +7,24716e+001	        +2,18362e+001	        +9,22632e+001	        +0,00000e+000	        +5,86817e+002	        +5,83128e+001	        +9,20196e+002	        +2,50061e+000	        +2,50092e+000	        +2,50061e+000	        +2,50153e+000	        +1,15887e+001	        +3,41760e+000	        +4,68000e+001	        +3,07100e+001
  15:40:00	15/09/2020	 779730000	   14:54:42	 15/09/2020	   122	        +1,12500e+001	        +6,95724e+001	        +2,26221e+001	        +9,30762e+001	        +0,00000e+000	        +6,05994e+002	        +6,37042e+001	        +9,20123e+002	        +2,50061e+000	        +2,50092e+000	        +2,50061e+000	        +2,50153e+000	        +1,15924e+001	        +3,41638e+000	        +4,64000e+001	        +3,10600e+001
  15:50:00	15/09/2020	 779730600	   15:04:42	 15/09/2020	   122	        +1,12500e+001	        +6,96945e+001	        +2,23779e+001	        +9,19116e+001	        +0,00000e+000	        +4,92850e+002	        +5,95080e+001	        +9,20123e+002	        +2,50061e+000	        +2,50092e+000	        +2,50031e+000	        +2,50183e+000	        +1,15887e+001	        +3,41638e+000	        +4,65000e+001	        +3,16400e+001
  16:00:00	15/09/2020	 779731200	   15:14:42	 15/09/2020	   122	        +1,12500e+001	        +6,73218e+001	        +2,26602e+001	        +9,07690e+001	        +0,00000e+000	        +3,20256e+002	        +5,87621e+001	        +9,19977e+002	        +2,50122e+000	        +2,50092e+000	        +2,50061e+000	        +2,50153e+000	        +1,15942e+001	        +3,41608e+000	        +4,65000e+001	        +3,20300e+001
  16:10:00	15/09/2020	 779731800	   15:24:42	 15/09/2020	   122	        +1,12500e+001	        +6,51703e+001	        +2,28738e+001	        +9,01978e+001	        +0,00000e+000	        +2,66561e+002	        +6,13476e+001	        +9,19940e+002	        +2,50092e+000	        +2,50092e+000	        +2,50031e+000	        +2,50153e+000	        +1,15887e+001	        +3,41577e+000	        +4,65000e+001	        +3,22600e+001
  16:20:00	15/09/2020	 779732400	   15:34:42	 15/09/2020	   122	        +1,12500e+001	        +6,48117e+001	        +2,29730e+001	        +9,03516e+001	        +0,00000e+000	        +1,41910e+002	        +6,01608e+001	        +9,19977e+002	        +2,50122e+000	        +2,50092e+000	        +2,50000e+000	        +2,50183e+000	        +1,15851e+001	        +3,41577e+000	        +4,67000e+001	        +3,23400e+001
  16:30:00	15/09/2020	 779733000	   15:44:42	 15/09/2020	   122	        +1,12500e+001	        +6,69174e+001	        +2,25153e+001	        +9,20874e+001	        +0,00000e+000	        +1,09309e+002	        +5,37690e+001	        +9,20013e+002	        +2,50061e+000	        +2,50092e+000	        +2,50061e+000	        +2,50183e+000	        +1,15942e+001	        +3,41669e+000	        +4,68000e+001	        +3,17900e+001
  16:40:00	15/09/2020	 779733600	   15:54:42	 15/09/2020	   122	        +1,12500e+001	        +6,40488e+001	        +2,29044e+001	        +9,22192e+001	        +0,00000e+000	        +2,66561e+002	        +5,75583e+001	        +9,19940e+002	        +2,50092e+000	        +2,50092e+000	        +2,50031e+000	        +2,50183e+000	        +1,15887e+001	        +3,41760e+000	        +4,65000e+001	        +3,13000e+001
  16:50:00	15/09/2020	 779734200	   16:04:42	 15/09/2020	   122	        +1,12500e+001	        +6,41708e+001	        +2,32248e+001	        +9,21313e+001	        +0,00000e+000	        +2,37795e+002	        +6,03049e+001	        +9,19940e+002	        +2,50153e+000	        +2,50092e+000	        +2,50061e+000	        +2,50153e+000	        +1,15887e+001	        +3,41547e+000	        +4,62000e+001	        +3,15200e+001
  17:00:00	15/09/2020	 779734800	   16:14:42	 15/09/2020	   122	        +1,12500e+001	        +6,43387e+001	        +2,32629e+001	        +9,34058e+001	        +0,00000e+000	        +2,07112e+002	        +5,90672e+001	        +9,20013e+002	        +2,50092e+000	        +2,50092e+000	        +2,50031e+000	        +2,50183e+000	        +1,15869e+001	        +3,41638e+000	        +4,62000e+001	        +3,18400e+001
  17:10:00	15/09/2020	 779735400	   16:24:42	 15/09/2020	   122	        +1,12500e+001	        +6,35910e+001	        +2,32706e+001	        +9,30103e+001	        +0,00000e+000	        +2,07112e+002	        +6,09576e+001	        +9,20086e+002	        +2,50092e+000	        +2,50092e+000	        +2,50092e+000	        +2,50183e+000	        +1,15869e+001	        +3,41608e+000	        +4,62000e+001	        +3,20900e+001
  17:20:00	15/09/2020	 779736000	   16:34:42	 15/09/2020	   122	        +1,12500e+001	        +6,32019e+001	        +2,32706e+001	        +9,18237e+001	        +0,00000e+000	        +1,76429e+002	        +5,72277e+001	        +9,20196e+002	        +2,50092e+000	        +2,50092e+000	        +2,50061e+000	        +2,50122e+000	        +1,15887e+001	        +3,41638e+000	        +4,61000e+001	        +3,22100e+001
  17:30:00	15/09/2020	 779736600	   16:44:42	 15/09/2020	   122	        +1,12500e+001	        +6,78558e+001	        +2,28738e+001	        +9,00659e+001	        +0,00000e+000	        +1,34239e+002	        +5,40064e+001	        +9,20306e+002	        +2,50092e+000	        +2,50092e+000	        +2,50061e+000	        +2,50153e+000	        +1,15869e+001	        +3,41608e+000	        +4,61000e+001	        +3,22600e+001
  17:40:00	15/09/2020	 779737200	   16:54:42	 15/09/2020	   122	        +1,12500e+001	        +7,02209e+001	        +2,23093e+001	        +9,22412e+001	        +0,00000e+000	        +6,90373e+001	        +5,14717e+001	        +9,20453e+002	        +2,50031e+000	        +2,50092e+000	        +2,50031e+000	        +2,50183e+000	        +1,15924e+001	        +3,41608e+000	        +4,63000e+001	        +3,15800e+001
  17:50:00	15/09/2020	 779737800	   17:04:42	 15/09/2020	   122	        +1,12500e+001	        +7,48444e+001	        +2,14166e+001	        +9,28564e+001	        +0,00000e+000	        +4,21895e+001	        +4,99882e+001	        +9,20599e+002	        +2,50092e+000	        +2,50092e+000	        +2,50031e+000	        +2,50183e+000	        +1,15869e+001	        +3,41608e+000	        +4,62000e+001	        +3,05700e+001
  18:00:00	15/09/2020	 779738400	   17:14:42	 15/09/2020	   122	        +1,12500e+001	        +8,06732e+001	        +2,05469e+001	        +9,24390e+001	        +0,00000e+000	        +3,06833e+001	        +5,08190e+001	        +9,20636e+002	        +2,50092e+000	        +2,50092e+000	        +2,50061e+000	        +2,50183e+000	        +1,15924e+001	        +3,41760e+000	        +4,61000e+001	        +2,95000e+001
  18:10:00	15/09/2020	 779739000	   17:24:42	 15/09/2020	   122	        +1,12500e+001	        +8,24509e+001	        +2,03409e+001	        +9,31641e+001	        +0,00000e+000	        +2,30124e+001	        +5,42946e+001	        +9,20672e+002	        +2,50092e+000	        +2,50092e+000	        +2,50092e+000	        +2,50153e+000	        +1,15942e+001	        +3,41760e+000	        +4,61000e+001	        +2,85200e+001
  18:20:00	15/09/2020	 779739600	   17:34:42	 15/09/2020	   122	        +1,12500e+001	        +8,52356e+001	        +1,99442e+001	        +8,97144e+001	        +0,00000e+000	        +1,53416e+001	        +5,03273e+001	        +9,20782e+002	        +2,50092e+000	        +2,50092e+000	        +2,50000e+000	        +2,50153e+000	        +1,15979e+001	        +3,41760e+000	        +4,62000e+001	        +2,76200e+001
  18:30:00	15/09/2020	 779740200	   17:44:42	 15/09/2020	   122	        +1,12500e+001	        +8,46100e+001	        +1,99670e+001	        +9,10327e+001	        +0,00000e+000	        +7,67081e+000	        +4,99204e+001	        +9,20819e+002	        +2,50122e+000	        +2,50092e+000	        +2,50031e+000	        +2,50183e+000	        +1,15942e+001	        +3,41821e+000	        +4,62000e+001	        +2,68300e+001
  18:40:00	15/09/2020	 779740800	   17:54:42	 15/09/2020	   122	        +1,12500e+001	        +8,35800e+001	        +2,00357e+001	        +9,04175e+001	        +0,00000e+000	        +7,67081e+000	        +5,29637e+001	        +9,20929e+002	        +2,50153e+000	        +2,50092e+000	        +2,50031e+000	        +2,50183e+000	        +1,16016e+001	        +3,41852e+000	        +4,65000e+001	        +2,61600e+001
  18:50:00	15/09/2020	 779741400	   18:04:42	 15/09/2020	   122	        +1,12500e+001	        +8,34198e+001	        +2,00052e+001	        +9,21533e+001	        +0,00000e+000	        +7,67081e+000	        +5,53119e+001	        +9,20855e+002	        +2,50153e+000	        +2,50122e+000	        +2,50092e+000	        +2,50183e+000	        +1,16016e+001	        +3,41760e+000	        +4,67000e+001	        +2,55900e+001
  19:00:00	15/09/2020	 779742000	   18:14:42	 15/09/2020	   122	        +1,12500e+001	        +8,45642e+001	        +1,98068e+001	        +8,88794e+001	        +0,00000e+000	        +7,67081e+000	        +5,63546e+001	        +9,20855e+002	        +2,50092e+000	        +2,50092e+000	        +2,50092e+000	        +2,50153e+000	        +1,15961e+001	        +3,41821e+000	        +4,69000e+001	        +2,51400e+001
  19:10:00	15/09/2020	 779742600	   18:24:42	 15/09/2020	   122	        +1,12500e+001	        +8,48007e+001	        +1,97382e+001	        +8,98242e+001	        +0,00000e+000	        +9,58852e+000	        +4,64279e+001	        +9,20929e+002	        +2,50153e+000	        +2,50122e+000	        +2,50092e+000	        +2,50183e+000	        +1,15961e+001	        +3,41760e+000	        +4,71000e+001	        +2,47200e+001
  19:20:00	15/09/2020	 779743200	   18:34:42	 15/09/2020	   122	        +1,12500e+001	        +8,61588e+001	        +1,95779e+001	        +8,73633e+001	        +0,00000e+000	        +7,67081e+000	        +5,42437e+001	        +9,20965e+002	        +2,50122e+000	        +2,50122e+000	        +2,50092e+000	        +2,50183e+000	        +1,15997e+001	        +3,41669e+000	        +4,72000e+001	        +2,43700e+001
  19:30:00	15/09/2020	 779743800	   18:44:42	 15/09/2020	   122	        +1,12500e+001	        +8,72879e+001	        +1,94101e+001	        +8,48364e+001	        +0,00000e+000	        +7,67081e+000	        +4,65720e+001	        +9,20892e+002	        +2,50092e+000	        +2,50122e+000	        +2,50092e+000	        +2,50183e+000	        +1,15961e+001	        +3,41791e+000	        +4,74000e+001	        +2,40300e+001
  19:40:00	15/09/2020	 779744400	   18:54:42	 15/09/2020	   122	        +1,12500e+001	        +8,70514e+001	        +1,93033e+001	        +8,20459e+001	        +0,00000e+000	        +7,67081e+000	        +4,57073e+001	        +9,20892e+002	        +2,50061e+000	        +2,50092e+000	        +2,50061e+000	        +2,50183e+000	        +1,15997e+001	        +3,41547e+000	        +4,75000e+001	        +2,36600e+001
  19:50:00	15/09/2020	 779745000	   19:04:42	 15/09/2020	   122	        +1,12500e+001	        +8,76312e+001	        +1,91354e+001	        +7,89697e+001	        +0,00000e+000	        +7,67081e+000	        +4,97254e+001	        +9,20929e+002	        +2,50092e+000	        +2,50122e+000	        +2,50061e+000	        +2,50183e+000	        +1,16034e+001	        +3,41699e+000	        +4,77000e+001	        +2,33200e+001
  20:00:00	15/09/2020	 779745600	   19:14:42	 15/09/2020	   122	        +1,12500e+001	        +8,76007e+001	        +1,91583e+001	        +7,71460e+001	        +0,00000e+000	        +7,67081e+000	        +5,32689e+001	        +9,20819e+002	        +2,50122e+000	        +2,50122e+000	        +2,50061e+000	        +2,50153e+000	        +1,16016e+001	        +3,41577e+000	        +4,78000e+001	        +2,30200e+001
  20:10:00	15/09/2020	 779746200	   19:24:42	 15/09/2020	   122	        +1,12500e+001	        +9,10187e+001	        +1,87311e+001	        +6,48633e+001	        +0,00000e+000	        +7,67081e+000	        +5,50660e+001	        +9,20855e+002	        +2,50061e+000	        +2,50092e+000	        +2,50061e+000	        +2,50153e+000	        +1,15979e+001	        +3,41608e+000	        +4,79000e+001	        +2,27600e+001
  20:20:00	15/09/2020	 779746800	   19:34:42	 15/09/2020	   122	        +1,12500e+001	        +9,22546e+001	        +1,86319e+001	        +4,88013e+001	        +0,00000e+000	        +7,67081e+000	        +4,84624e+001	        +9,21002e+002	        +2,50122e+000	        +2,50122e+000	        +2,50061e+000	        +2,50214e+000	        +1,15979e+001	        +3,41547e+000	        +4,80000e+001	        +2,25000e+001
  20:30:00	15/09/2020	 779747400	   19:44:42	 15/09/2020	   122	        +1,12500e+001	        +9,25140e+001	        +1,86166e+001	        +5,28442e+001	        +0,00000e+000	        +7,67081e+000	        +5,30400e+001	        +9,21039e+002	        +2,50122e+000	        +2,50122e+000	        +2,50092e+000	        +2,50214e+000	        +1,16016e+001	        +3,41547e+000	        +4,81000e+001	        +2,23000e+001
  20:40:00	15/09/2020	 779748000	   19:54:42	 15/09/2020	   122	        +1,12500e+001	        +9,07974e+001	        +1,89371e+001	        +5,72827e+001	        +0,00000e+000	        +7,67081e+000	        +5,23534e+001	        +9,21148e+002	        +2,50031e+000	        +2,50092e+000	        +2,50031e+000	        +2,50183e+000	        +1,15997e+001	        +3,41547e+000	        +4,82000e+001	        +2,21600e+001
  20:50:00	15/09/2020	 779748600	   20:04:42	 15/09/2020	   122	        +1,12500e+001	        +9,09576e+001	        +1,88303e+001	        +5,70850e+001	        +0,00000e+000	        +9,58852e+000	        +5,50660e+001	        +9,21222e+002	        +2,50122e+000	        +2,50122e+000	        +2,50061e+000	        +2,50183e+000	        +1,16071e+001	        +3,41547e+000	        +4,83000e+001	        +2,20300e+001
  21:00:00	15/09/2020	 779749200	   20:14:42	 15/09/2020	   122	        +1,12500e+001	        +9,07669e+001	        +1,87540e+001	        +5,91943e+001	        +0,00000e+000	        +9,58852e+000	        +5,38538e+001	        +9,21258e+002	        +2,50000e+000	        +2,50092e+000	        +2,50000e+000	        +2,50183e+000	        +1,15979e+001	        +3,41486e+000	        +4,84000e+001	        +2,18600e+001
  21:10:00	15/09/2020	 779749800	   20:24:42	 15/09/2020	   122	        +1,12500e+001	        +9,10568e+001	        +1,87463e+001	        +5,55908e+001	        +0,00000e+000	        +9,58852e+000	        +4,87421e+001	        +9,21295e+002	        +2,50092e+000	        +2,50122e+000	        +2,50092e+000	        +2,50183e+000	        +1,15997e+001	        +3,41364e+000	        +4,85000e+001	        +2,17300e+001
  21:20:00	15/09/2020	 779750400	   20:34:42	 15/09/2020	   122	        +1,12500e+001	        +9,28345e+001	        +1,82428e+001	        +5,24487e+001	        +0,00000e+000	        +7,67081e+000	        +5,12089e+001	        +9,21295e+002	        +2,50153e+000	        +2,50122e+000	        +2,50061e+000	        +2,50183e+000	        +1,15979e+001	        +3,41608e+000	        +4,85000e+001	        +2,15600e+001
  21:30:00	15/09/2020	 779751000	   20:44:42	 15/09/2020	   122	        +1,12500e+001	        +8,93555e+001	        +1,85938e+001	        +5,86450e+001	        +0,00000e+000	        +9,58852e+000	        +4,75977e+001	        +9,21295e+002	        +2,50183e+000	        +2,50122e+000	        +2,50092e+000	        +2,50214e+000	        +1,16016e+001	        +3,41364e+000	        +4,87000e+001	        +2,14200e+001
  21:40:00	15/09/2020	 779751600	   20:54:42	 15/09/2020	   122	        +1,12500e+001	        +8,94852e+001	        +1,85251e+001	        +6,77856e+001	        +0,00000e+000	        +7,67081e+000	        +4,96407e+001	        +9,21332e+002	        +2,50153e+000	        +2,50122e+000	        +2,50000e+000	        +2,50183e+000	        +1,16034e+001	        +3,41455e+000	        +4,88000e+001	        +2,12800e+001
  21:50:00	15/09/2020	 779752200	   21:04:42	 15/09/2020	   122	        +1,12500e+001	        +8,89511e+001	        +1,87387e+001	        +7,26416e+001	        +0,00000e+000	        +9,58852e+000	        +5,12513e+001	        +9,21295e+002	        +2,50061e+000	        +2,50122e+000	        +2,50061e+000	        +2,50153e+000	        +1,16016e+001	        +3,41516e+000	        +4,88000e+001	        +2,12200e+001
  22:00:00	15/09/2020	 779752800	   21:14:42	 15/09/2020	   122	        +1,12500e+001	        +9,16519e+001	        +1,84564e+001	        +6,77417e+001	        +0,00000e+000	        +7,67081e+000	        +4,94118e+001	        +9,21332e+002	        +2,50214e+000	        +2,50153e+000	        +2,50092e+000	        +2,50214e+000	        +1,16052e+001	        +3,41486e+000	        +4,89000e+001	        +2,12600e+001
  22:10:00	15/09/2020	 779753400	   21:24:42	 15/09/2020	   122	        +1,12500e+001	        +8,90198e+001	        +1,86700e+001	        +7,63989e+001	        +0,00000e+000	        +7,67081e+000	        +5,01408e+001	        +9,21332e+002	        +2,50153e+000	        +2,50092e+000	        +2,50000e+000	        +2,50183e+000	        +1,16034e+001	        +3,41638e+000	        +4,90000e+001	        +2,12500e+001
  22:20:00	15/09/2020	 779754000	   21:34:42	 15/09/2020	   122	        +1,12500e+001	        +8,90198e+001	        +1,86472e+001	        +7,72119e+001	        +0,00000e+000	        +9,58852e+000	        +5,05393e+001	        +9,21295e+002	        +2,50031e+000	        +2,50122e+000	        +2,50031e+000	        +2,50214e+000	        +1,16016e+001	        +3,41547e+000	        +4,90000e+001	        +2,12500e+001
  22:30:00	15/09/2020	 779754600	   21:44:42	 15/09/2020	   122	        +1,12500e+001	        +8,76999e+001	        +1,87845e+001	        +8,21338e+001	        +0,00000e+000	        +5,75311e+000	        +4,58429e+001	        +9,21258e+002	        +2,50092e+000	        +2,50122e+000	        +2,50061e+000	        +2,50214e+000	        +1,15997e+001	        +3,41425e+000	        +4,90000e+001	        +2,12700e+001
  22:40:00	15/09/2020	 779755200	   21:54:42	 15/09/2020	   122	        +1,12500e+001	        +8,76694e+001	        +1,88608e+001	        +8,41553e+001	        +0,00000e+000	        +7,67081e+000	        +5,11496e+001	        +9,21258e+002	        +2,50122e+000	        +2,50153e+000	        +2,50092e+000	        +2,50214e+000	        +1,16016e+001	        +3,41302e+000	        +4,91000e+001	        +2,12800e+001
  22:50:00	15/09/2020	 779755800	   22:04:42	 15/09/2020	   122	        +1,12500e+001	        +8,77609e+001	        +1,88684e+001	        +8,54956e+001	        +0,00000e+000	        +9,58852e+000	        +4,98272e+001	        +9,21258e+002	        +2,50122e+000	        +2,50092e+000	        +2,50000e+000	        +2,50244e+000	        +1,16034e+001	        +3,41394e+000	        +4,92000e+001	        +2,13400e+001
  23:00:00	15/09/2020	 779756400	   22:14:42	 15/09/2020	   122	        +1,12500e+001	        +8,80051e+001	        +1,90057e+001	        +8,43750e+001	        +0,00000e+000	        +9,58852e+000	        +4,75044e+001	        +9,21295e+002	        +2,50214e+000	        +2,50153e+000	        +2,50061e+000	        +2,50214e+000	        +1,15961e+001	        +3,41394e+000	        +4,92000e+001	        +2,13800e+001
  23:10:00	15/09/2020	 779757000	   22:24:42	 15/09/2020	   122	        +1,12500e+001	        +8,98361e+001	        +1,87311e+001	        +8,14307e+001	        +0,00000e+000	        +9,58852e+000	        +4,35626e+001	        +9,21295e+002	        +2,50122e+000	        +2,50122e+000	        +2,50061e+000	        +2,50153e+000	        +1,15961e+001	        +3,41241e+000	        +4,92000e+001	        +2,14500e+001
  23:20:00	15/09/2020	 779757600	   22:34:42	 15/09/2020	   122	        +1,12500e+001	        +8,97446e+001	        +1,87311e+001	        +8,10791e+001	        +0,00000e+000	        +7,67081e+000	        +4,46646e+001	        +9,21258e+002	        +2,50153e+000	        +2,50122e+000	        +2,50061e+000	        +2,50183e+000	        +1,15979e+001	        +3,41272e+000	        +4,93000e+001	        +2,14400e+001
  23:30:00	15/09/2020	 779758200	   22:44:42	 15/09/2020	   122	        +1,12500e+001	        +8,96606e+001	        +1,87845e+001	        +8,00244e+001	        +0,00000e+000	        +9,58852e+000	        +4,08245e+001	        +9,21148e+002	        +2,50092e+000	        +2,50122e+000	        +2,50092e+000	        +2,50183e+000	        +1,16016e+001	        +3,41425e+000	        +4,93000e+001	        +2,14800e+001
  23:40:00	15/09/2020	 779758800	   22:54:42	 15/09/2020	   122	        +1,12500e+001	        +9,05075e+001	        +1,85785e+001	        +7,20044e+001	        +0,00000e+000	        +9,58852e+000	        +4,78520e+001	        +9,21112e+002	        +2,50183e+000	        +2,50122e+000	        +2,50092e+000	        +2,50183e+000	        +1,15942e+001	        +3,41211e+000	        +4,93000e+001	        +2,14800e+001
  23:50:00	15/09/2020	 779759400	   23:04:42	 15/09/2020	   122	        +1,12500e+001	        +9,12933e+001	        +1,84183e+001	        +6,23584e+001	        +0,00000e+000	        +7,67081e+000	        +4,70213e+001	        +9,21002e+002	        +2,50122e+000	        +2,50092e+000	        +2,50061e+000	        +2,50214e+000	        +1,15997e+001	        +3,41455e+000	        +4,94000e+001	        +2,14000e+001
  00:00:00	16/09/2020	 779760000	   23:14:42	 15/09/2020	   122	        +1,12500e+001	        +9,18274e+001	        +1,82047e+001	        +5,97656e+001	        +0,00000e+000	        +7,67081e+000	        +4,69704e+001	        +9,21075e+002	        +2,50122e+000	        +2,50122e+000	        +2,50000e+000	        +2,50214e+000	        +1,16034e+001	        +3,41394e+000	        +4,93000e+001	        +2,12700e+001
  00:10:00	16/09/2020	 779760600	   23:24:34	 15/09/2020	   122	        +1,12500e+001	        +9,17053e+001	        +1,81284e+001	        +6,09302e+001	        +0,00000e+000	        +9,58852e+000	        +4,08499e+001	        +9,21039e+002	        +2,50153e+000	        +2,50122e+000	        +2,50031e+000	        +2,50214e+000	        +1,16016e+001	        +3,41547e+000	        +4,93000e+001	        +2,11900e+001
  00:20:00	16/09/2020	 779761200	   23:34:34	 15/09/2020	   122	        +1,12500e+001	        +9,25674e+001	        +1,81131e+001	        +6,01172e+001	        +0,00000e+000	        +9,58852e+000	        +3,36020e+001	        +9,21002e+002	        +2,50061e+000	        +2,50153e+000	        +2,50061e+000	        +2,50214e+000	        +1,15997e+001	        +3,41455e+000	        +4,93000e+001	        +2,11000e+001
  00:30:00	16/09/2020	 779761800	   23:44:34	 15/09/2020	   122	        +1,12500e+001	        +9,33609e+001	        +1,78613e+001	        +5,30859e+001	        +0,00000e+000	        +7,67081e+000	        +4,05786e+001	        +9,20929e+002	        +2,50122e+000	        +2,50092e+000	        +2,50061e+000	        +2,50153e+000	        +1,15997e+001	        +3,41455e+000	        +4,93000e+001	        +2,10100e+001
  00:40:00	16/09/2020	 779762400	   23:54:34	 15/09/2020	   122	        +1,12500e+001	        +9,34143e+001	        +1,78079e+001	        +4,41211e+001	        +0,00000e+000	        +7,67081e+000	        +4,35456e+001	        +9,20819e+002	        +2,50153e+000	        +2,50122e+000	        +2,50031e+000	        +2,50214e+000	        +1,15961e+001	        +3,41455e+000	        +4,94000e+001	        +2,09300e+001
  00:50:00	16/09/2020	 779763000	   00:04:34	 16/09/2020	   122	        +1,12500e+001	        +9,37805e+001	        +1,77850e+001	        +3,81885e+001	        +0,00000e+000	        +9,58852e+000	        +4,81148e+001	        +9,20746e+002	        +2,50092e+000	        +2,50122e+000	        +2,50092e+000	        +2,50183e+000	        +1,15961e+001	        +3,41516e+000	        +4,93000e+001	        +2,08400e+001
  01:00:00	16/09/2020	 779763600	   00:14:34	 16/09/2020	   122	        +1,12500e+001	        +9,59549e+001	        +1,73807e+001	        +3,28711e+001	        +0,00000e+000	        +7,67081e+000	        +4,48002e+001	        +9,20636e+002	        +2,50122e+000	        +2,50153e+000	        +2,50122e+000	        +2,50214e+000	        +1,16016e+001	        +3,41455e+000	        +4,94000e+001	        +2,07100e+001
  01:10:00	16/09/2020	 779764200	   00:24:34	 16/09/2020	   122	        +1,12500e+001	        +9,66034e+001	        +1,72968e+001	        +2,77515e+001	        +0,00000e+000	        +9,58852e+000	        +4,37067e+001	        +9,20416e+002	        +2,50061e+000	        +2,50122e+000	        +2,50061e+000	        +2,50214e+000	        +1,16052e+001	        +3,41364e+000	        +4,94000e+001	        +2,05000e+001
  01:20:00	16/09/2020	 779764800	   00:34:34	 16/09/2020	   122	        +1,12500e+001	        +9,79385e+001	        +1,69534e+001	        +1,98193e+001	        +0,00000e+000	        +7,67081e+000	        +4,19435e+001	        +9,20160e+002	        +2,50214e+000	        +2,50122e+000	        +2,50031e+000	        +2,50214e+000	        +1,16034e+001	        +3,41150e+000	        +4,94000e+001	        +2,03100e+001
  01:30:00	16/09/2020	 779765400	   00:44:34	 16/09/2020	   122	        +1,12500e+001	        +9,96552e+001	        +1,66101e+001	        +1,79077e+001	        +0,00000e+000	        +7,67081e+000	        +3,82135e+001	        +9,20086e+002	        +2,49969e+000	        +2,50122e+000	        +2,49969e+000	        +2,50214e+000	        +1,16034e+001	        +3,41241e+000	        +4,94000e+001	        +2,00400e+001
  01:40:00	16/09/2020	 779766000	   00:54:34	 16/09/2020	   122	        +1,12500e+001	        +1,00121e+002	        +1,63965e+001	        +1,75342e+001	        +0,00000e+000	        +7,67081e+000	        +4,49698e+001	        +9,20123e+002	        +2,50214e+000	        +2,50122e+000	        +2,50061e+000	        +2,50214e+000	        +1,16034e+001	        +3,41241e+000	        +4,94000e+001	        +1,97700e+001
  01:50:00	16/09/2020	 779766600	   01:04:34	 16/09/2020	   122	        +1,12500e+001	        +1,00105e+002	        +1,61829e+001	        +1,50732e+001	        +0,00000e+000	        +9,58852e+000	        +3,60095e+001	        +9,20013e+002	        +2,50122e+000	        +2,50122e+000	        +2,49939e+000	        +2,50244e+000	        +1,15961e+001	        +3,41211e+000	        +4,95000e+001	        +1,95200e+001
  02:00:00	16/09/2020	 779767200	   01:14:34	 16/09/2020	   122	        +1,12500e+001	        +1,00121e+002	        +1,58624e+001	        +1,46777e+001	        +0,00000e+000	        +9,58852e+000	        +3,64079e+001	        +9,20086e+002	        +2,50153e+000	        +2,50122e+000	        +2,50000e+000	        +2,50214e+000	        +1,15961e+001	        +3,41211e+000	        +4,95000e+001	        +1,92400e+001
  02:10:00	16/09/2020	 779767800	   01:24:34	 16/09/2020	   122	        +1,12500e+001	        +1,00128e+002	        +1,58243e+001	        +1,55566e+001	        +0,00000e+000	        +9,58852e+000	        +3,95444e+001	        +9,20050e+002	        +2,50061e+000	        +2,50122e+000	        +2,50061e+000	        +2,50244e+000	        +1,16107e+001	        +3,41241e+000	        +4,95000e+001	        +1,90000e+001
  02:20:00	16/09/2020	 779768400	   01:34:34	 16/09/2020	   122	        +1,12500e+001	        +1,00113e+002	        +1,54962e+001	        +1,34473e+001	        +0,00000e+000	        +7,67081e+000	        +3,90019e+001	        +9,19977e+002	        +2,49939e+000	        +2,50122e+000	        +2,49939e+000	        +2,50244e+000	        +1,16016e+001	        +3,41333e+000	        +4,95000e+001	        +1,88000e+001
  02:30:00	16/09/2020	 779769000	   01:44:34	 16/09/2020	   122	        +1,12500e+001	        +1,00121e+002	        +1,53055e+001	        +1,97974e+001	        +0,00000e+000	        +9,58852e+000	        +4,10534e+001	        +9,19903e+002	        +2,50153e+000	        +2,50122e+000	        +2,49939e+000	        +2,50214e+000	        +1,16034e+001	        +3,41272e+000	        +4,96000e+001	        +1,85800e+001
  02:40:00	16/09/2020	 779769600	   01:54:34	 16/09/2020	   122	        +1,12500e+001	        +1,00121e+002	        +1,51605e+001	        +1,20630e+001	        +0,00000e+000	        +9,58852e+000	        +3,86374e+001	        +9,19720e+002	        +2,50244e+000	        +2,50153e+000	        +2,50061e+000	        +2,50244e+000	        +1,16016e+001	        +3,41302e+000	        +4,96000e+001	        +1,83600e+001
  02:50:00	16/09/2020	 779770200	   02:04:34	 16/09/2020	   122	        +1,12500e+001	        +1,00113e+002	        +1,49393e+001	        +1,43701e+001	        +0,00000e+000	        +7,67081e+000	        +3,78490e+001	        +9,19647e+002	        +2,50153e+000	        +2,50122e+000	        +2,50000e+000	        +2,50244e+000	        +1,16071e+001	        +3,41211e+000	        +4,97000e+001	        +1,81500e+001
  03:00:00	16/09/2020	 779770800	   02:14:34	 16/09/2020	   122	        +1,12500e+001	        +1,00128e+002	        +1,49316e+001	        +1,68750e+001	        +0,00000e+000	        +9,58852e+000	        +3,86543e+001	        +9,19500e+002	        +2,50153e+000	        +2,50183e+000	        +2,50122e+000	        +2,50244e+000	        +1,15961e+001	        +3,41119e+000	        +4,97000e+001	        +1,79800e+001
  03:10:00	16/09/2020	 779771400	   02:24:34	 16/09/2020	   122	        +1,12500e+001	        +1,00128e+002	        +1,52063e+001	        +9,31641e+000	        +0,00000e+000	        +9,58852e+000	        +3,88917e+001	        +9,19574e+002	        +2,50031e+000	        +2,50122e+000	        +2,50031e+000	        +2,50244e+000	        +1,16034e+001	        +3,41272e+000	        +4,97000e+001	        +1,79500e+001
  03:20:00	16/09/2020	 779772000	   02:34:34	 16/09/2020	   122	        +1,12500e+001	        +1,00121e+002	        +1,55344e+001	        +1,67212e+001	        +0,00000e+000	        +9,58852e+000	        +3,81796e+001	        +9,19537e+002	        +2,50153e+000	        +2,50122e+000	        +2,50000e+000	        +2,50214e+000	        +1,16034e+001	        +3,41394e+000	        +4,97000e+001	        +1,80000e+001
  03:30:00	16/09/2020	 779772600	   02:44:34	 16/09/2020	   122	        +1,12500e+001	        +1,00121e+002	        +1,58167e+001	        +1,01733e+001	        +0,00000e+000	        +9,58852e+000	        +3,77134e+001	        +9,19500e+002	        +2,50183e+000	        +2,50122e+000	        +2,50000e+000	        +2,50244e+000	        +1,16089e+001	        +3,41211e+000	        +4,98000e+001	        +1,81100e+001
  03:40:00	16/09/2020	 779773200	   02:54:34	 16/09/2020	   122	        +1,12500e+001	        +1,00128e+002	        +1,58548e+001	        +1,21729e+001	        +0,00000e+000	        +9,58852e+000	        +3,93664e+001	        +9,19464e+002	        +2,50244e+000	        +2,50153e+000	        +2,50031e+000	        +2,50244e+000	        +1,16089e+001	        +3,41272e+000	        +4,99000e+001	        +1,82100e+001
  03:50:00	16/09/2020	 779773800	   03:04:34	 16/09/2020	   122	        +1,12500e+001	        +1,00128e+002	        +1,61295e+001	        +1,84790e+001	        +0,00000e+000	        +7,67081e+000	        +3,85696e+001	        +9,19317e+002	        +2,50122e+000	        +2,50122e+000	        +2,50000e+000	        +2,50244e+000	        +1,16034e+001	        +3,41211e+000	        +4,99000e+001	        +1,83300e+001
  04:00:00	16/09/2020	 779774400	   03:14:34	 16/09/2020	   122	        +1,12500e+001	        +1,00113e+002	        +1,61905e+001	        +1,45239e+001	        +0,00000e+000	        +9,58852e+000	        +3,66283e+001	        +9,19134e+002	        +2,50031e+000	        +2,50092e+000	        +2,50031e+000	        +2,50214e+000	        +1,16089e+001	        +3,41211e+000	        +5,00000e+001	        +1,84400e+001
  04:10:00	16/09/2020	 779775000	   03:24:34	 16/09/2020	   122	        +1,12500e+001	        +1,00128e+002	        +1,64957e+001	        +1,83032e+001	        +0,00000e+000	        +9,58852e+000	        +3,47379e+001	        +9,19171e+002	        +2,50031e+000	        +2,50122e+000	        +2,50031e+000	        +2,50244e+000	        +1,16016e+001	        +3,41272e+000	        +5,01000e+001	        +1,85300e+001
  04:20:00	16/09/2020	 779775600	   03:34:34	 16/09/2020	   122	        +1,12500e+001	        +1,00113e+002	        +1,64117e+001	        +1,97974e+001	        +0,00000e+000	        +9,58852e+000	        +3,52465e+001	        +9,19134e+002	        +2,50183e+000	        +2,50153e+000	        +2,50092e+000	        +2,50214e+000	        +1,16052e+001	        +3,41089e+000	        +5,01000e+001	        +1,86500e+001
  04:30:00	16/09/2020	 779776200	   03:44:34	 16/09/2020	   122	        +1,12500e+001	        +1,00121e+002	        +1,62286e+001	        +1,57764e+001	        +0,00000e+000	        +9,58852e+000	        +3,50177e+001	        +9,19244e+002	        +2,50153e+000	        +2,50153e+000	        +2,50031e+000	        +2,50214e+000	        +1,16034e+001	        +3,41302e+000	        +5,02000e+001	        +1,87400e+001
  04:40:00	16/09/2020	 779776800	   03:54:34	 16/09/2020	   122	        +1,12500e+001	        +1,00128e+002	        +1,62820e+001	        +2,06982e+001	        +0,00000e+000	        +1,15062e+001	        +3,51702e+001	        +9,19244e+002	        +2,50122e+000	        +2,50153e+000	        +2,50031e+000	        +2,50244e+000	        +1,16016e+001	        +3,41211e+000	        +5,02000e+001	        +1,88000e+001
  04:50:00	16/09/2020	 779777400	   04:04:34	 16/09/2020	   122	        +1,12500e+001	        +1,00121e+002	        +1,63507e+001	        +2,02588e+001	        +0,00000e+000	        +9,58852e+000	        +3,49329e+001	        +9,19354e+002	        +2,50153e+000	        +2,50153e+000	        +2,50031e+000	        +2,50305e+000	        +1,16016e+001	        +3,41119e+000	        +5,02000e+001	        +1,88900e+001
  05:00:00	16/09/2020	 779778000	   04:14:34	 16/09/2020	   122	        +1,12500e+001	        +1,00121e+002	        +1,65033e+001	        +2,02368e+001	        +0,00000e+000	        +9,58852e+000	        +3,21100e+001	        +9,19427e+002	        +2,50000e+000	        +2,50122e+000	        +2,50000e+000	        +2,50244e+000	        +1,16016e+001	        +3,41211e+000	        +5,03000e+001	        +1,89500e+001
  05:10:00	16/09/2020	 779778600	   04:24:34	 16/09/2020	   122	        +1,12500e+001	        +1,00121e+002	        +1,66483e+001	        +2,08521e+001	        +0,00000e+000	        +9,58852e+000	        +3,07537e+001	        +9,19391e+002	        +2,50183e+000	        +2,50122e+000	        +2,50092e+000	        +2,50183e+000	        +1,16034e+001	        +3,41211e+000	        +5,03000e+001	        +1,90100e+001
  05:20:00	16/09/2020	 779779200	   04:34:34	 16/09/2020	   122	        +1,12500e+001	        +1,00121e+002	        +1,64957e+001	        +1,71826e+001	        +0,00000e+000	        +7,67081e+000	        +3,20846e+001	        +9,19391e+002	        +2,50183e+000	        +2,50122e+000	        +2,50000e+000	        +2,50244e+000	        +1,16052e+001	        +3,41272e+000	        +5,03000e+001	        +1,90600e+001
  05:30:00	16/09/2020	 779779800	   04:44:34	 16/09/2020	   122	        +1,12500e+001	        +1,00121e+002	        +1,63812e+001	        +2,19287e+001	        +0,00000e+000	        +9,58852e+000	        +3,58484e+001	        +9,19427e+002	        +2,50214e+000	        +2,50153e+000	        +2,50061e+000	        +2,50244e+000	        +1,16125e+001	        +3,41150e+000	        +5,03000e+001	        +1,90500e+001
  05:40:00	16/09/2020	 779780400	   04:54:34	 16/09/2020	   122	        +1,12500e+001	        +1,00113e+002	        +1,64423e+001	        +1,64355e+001	        +0,00000e+000	        +9,58852e+000	        +3,39835e+001	        +9,19537e+002	        +2,50214e+000	        +2,50153e+000	        +2,50061e+000	        +2,50214e+000	        +1,16034e+001	        +3,41394e+000	        +5,04000e+001	        +1,91000e+001
  05:50:00	16/09/2020	 779781000	   05:04:34	 16/09/2020	   122	        +1,12500e+001	        +1,00113e+002	        +1,67780e+001	        +2,04565e+001	        +0,00000e+000	        +9,58852e+000	        +3,33053e+001	        +9,19757e+002	        +2,50214e+000	        +2,50153e+000	        +2,50092e+000	        +2,50214e+000	        +1,15961e+001	        +3,41333e+000	        +5,04000e+001	        +1,91400e+001
  06:00:00	16/09/2020	 779781600	   05:14:34	 16/09/2020	   122	        +1,12500e+001	        +1,00128e+002	        +1,67856e+001	        +2,64111e+001	        +0,00000e+000	        +9,58852e+000	        +3,48057e+001	        +9,19720e+002	        +2,50153e+000	        +2,50122e+000	        +2,50000e+000	        +2,50214e+000	        +1,16034e+001	        +3,41211e+000	        +5,04000e+001	        +1,91900e+001
  06:10:00	16/09/2020	 779782200	   05:24:34	 16/09/2020	   122	        +1,12500e+001	        +1,00121e+002	        +1,66406e+001	        +2,09619e+001	        +0,00000e+000	        +9,58852e+000	        +3,49329e+001	        +9,19757e+002	        +2,50183e+000	        +2,50122e+000	        +2,50031e+000	        +2,50214e+000	        +1,16034e+001	        +3,41180e+000	        +5,05000e+001	        +1,92400e+001
  06:20:00	16/09/2020	 779782800	   05:34:34	 16/09/2020	   122	        +1,12500e+001	        +1,00113e+002	        +1,65186e+001	        +2,38843e+001	        +0,00000e+000	        +9,58852e+000	        +3,29747e+001	        +9,19830e+002	        +2,50214e+000	        +2,50122e+000	        +2,49969e+000	        +2,50244e+000	        +1,16016e+001	        +3,41180e+000	        +5,05000e+001	        +1,92600e+001
  06:30:00	16/09/2020	 779783400	   05:44:34	 16/09/2020	   122	        +1,12500e+001	        +1,00121e+002	        +1,66559e+001	        +2,47632e+001	        +0,00000e+000	        +9,58852e+000	        +3,13047e+001	        +9,19867e+002	        +2,50153e+000	        +2,50153e+000	        +2,50122e+000	        +2,50214e+000	        +1,16052e+001	        +3,41180e+000	        +5,05000e+001	        +1,92800e+001
